Id,Lat,Lon
18,43.684119,5.429912
65,33.238126,-93.143209
90,50.402738,10.517102
92,36.823959,-114.062183
107,37.415534,-92.812772
109,36.964161,-109.556705
174,40.845761,-76.945804
302,38.236974,-79.943654
371,39.555573,-38.852101
388,34.257169,-80.907648
406,50.201455,-0.595767
408,35.218523,-112.748986
442,21.290291,-95.297540
493,35.569557,-113.363306
533,36.605588,-99.302695
622,39.248786,-84.867780
626,47.866628,-101.254496
691,40.686364,-41.337182
698,50.802776,-1.991097
788,-3.995948,106.490645
950,35.482419,-102.827432
979,32.588280,-109.946265
1027,41.139535,-77.384040
1110,31.432153,114.499133
1150,31.983003,-28.740404
1225,43.625052,-67.080139
1227,44.455285,-53.029634
1263,42.267221,-90.074049
1323,45.637063,-109.388605
1402,27.897503,-46.588931
1407,38.719495,-99.838541
1444,35.756785,-100.671703
1504,37.884363,2.820485
1740,41.833810,-100.391191
1868,44.303262,-91.812442
1903,39.335476,-74.940279
1931,39.770774,-99.952665
1967,44.291958,-113.424498
2006,26.315169,-119.397230
2040,66.896227,16.259773
2056,41.557996,-82.965532
2096,38.606406,-109.625968
2227,37.276365,-72.721553
2352,-27.669731,136.968300
2427,39.370814,-69.772430
2569,40.826570,-70.769194
2698,35.766632,-78.123456
2707,-4.560642,82.717348
2715,47.214898,-24.501235
2761,39.591334,-74.372830
2799,26.499544,-74.997707
3018,40.803880,-96.025265
3036,50.879636,-2.065191
3045,50.446720,-2.590718
3048,31.554323,-92.807474
3244,40.083550,-101.918732
3326,44.474025,-34.238005
3388,50.063789,-0.237983
3390,36.546117,-99.521468
3409,38.532474,-95.686287
3438,33.424925,-108.997740
3461,41.840939,-64.527993
3498,-27.958460,139.623856
3508,33.162958,-109.897520
3577,2.519911,-1.667074
3673,33.591423,-112.503078
3810,43.042064,-69.239148
3885,31.614396,-94.082325
3971,34.826081,124.867187
4050,34.675038,132.660229
4065,49.705193,5.599095
4273,45.311072,7.531565
4280,49.812443,4.221096
4309,36.804350,-75.774662
4312,43.119487,-106.091496
4571,43.496967,-76.557985
4593,40.278270,-74.581687
4615,57.814991,15.867719
4693,36.858422,-109.012933
4713,49.262222,3.611670
4722,50.543003,-1.863370
4837,34.902788,-112.639429
4990,33.477900,70.389701
5079,37.877328,-82.200029
5150,41.774694,-65.858928
5242,34.203070,-111.126316
5325,36.996606,-108.994035
5334,31.497483,116.856437
5339,15.975387,112.948608
5460,58.306759,8.957143
5467,42.407959,-63.512696
5490,30.826207,-94.842829
5532,39.517999,-73.564965
5554,33.923896,-63.496843
5567,41.105453,-67.833161
5604,50.960591,-0.757289
5613,49.871529,-109.724169
5617,39.553401,-12.737126
5662,38.856337,-112.619436
5667,37.969272,-89.502260
5715,39.942232,-77.700207
5778,58.553368,23.878200
5976,34.685570,130.260168
6068,37.107340,-93.524147
6098,39.397911,-71.243628
6168,39.857183,-69.529940
6260,32.795374,-103.837084
6295,39.465945,-70.072473
6348,33.012825,-94.419599
6384,43.734150,-73.137113
6406,42.346830,-73.750964
6417,37.698084,-101.752226
6472,36.737707,-82.585188
6483,35.347469,-90.378654
6641,35.363934,-67.557557
6692,38.789273,-88.969900
6738,37.069462,-92.018372
6811,46.135135,-114.112349
6860,39.674480,-74.406416
6865,40.179005,-94.203950
6898,57.503153,16.111797
6903,41.620333,-84.304250
6971,37.474458,-93.408202
6995,38.619735,-97.377313
6999,35.899174,-107.705571
7302,33.628209,-87.766140
7304,32.091007,-96.895241
7317,-6.699376,-51.331066
7390,52.638138,-2.710041
7413,34.079235,120.733601
7417,42.189176,-87.517896
7460,29.467492,-88.648599
7461,32.352168,-76.180224
7466,28.369697,-60.718998
7526,35.236353,-79.023064
7554,46.300864,-38.683823
7788,23.411938,-47.281088
7883,2.339950,1.049974
8071,41.599348,-80.046269
8079,36.222444,-90.405308
8124,47.938332,11.388936
8188,36.694440,-31.841433
8194,38.497774,-112.757634
8252,44.864603,-112.138533
8295,43.880292,-77.940204
8296,-4.707308,104.961615
8415,57.304711,14.951081
8533,26.734386,-76.243209
8641,34.741530,119.692411
8650,49.841681,0.747122
8652,51.123192,3.666177
8733,37.540898,-116.026353
8787,1.663830,-1.573186
8790,28.816035,-78.361779
8916,34.881060,130.178506
8941,37.043206,-115.586918
8966,27.700597,-77.102359
9024,33.879557,-111.998928
9050,-32.626647,133.019754
9071,26.696669,72.975877
9197,37.967038,-77.345275
9279,41.828976,134.494591
9283,34.389886,131.337972
9445,41.433490,-73.780378
9801,37.318306,-111.456957
9865,51.302718,3.551684
9868,37.079588,-114.096761
9908,57.233906,15.670504
9912,52.797011,-0.330422
9945,60.365738,4.968920
9981,40.473435,-73.430376
10042,37.620894,-116.924898
10044,30.406797,-92.675552
10114,43.095343,-98.194032
10165,35.533627,-96.434524
10226,41.330169,-77.461716
10264,34.591840,-104.286335
10312,42.763833,-70.220431
10383,-9.451431,-44.518127
10436,34.700640,-16.256154
10693,34.248842,-77.258894
10770,57.593195,15.617041
10832,47.107642,-35.803468
10842,38.790882,-74.011786
10876,35.064522,-78.429046
10905,40.444114,-103.947470
11058,44.172738,-76.428798
11084,34.385033,69.909335
11100,25.410611,-36.952020
11110,34.494844,-108.492977
11114,37.420891,-91.508202
11259,36.647990,-7.657541
11276,2.855554,-4.027772
11278,41.672510,-80.226749
11316,50.047301,0.050651
11342,42.825753,-97.951802
11532,35.831148,107.475618
11570,39.398432,-74.362204
11584,13.525037,42.414315
11628,39.241819,-100.125951
11657,50.281556,2.203110
11698,39.104620,-80.427854
11706,32.254417,-90.082368
11784,35.804582,-77.646600
11806,40.982402,-107.501263
11808,35.869671,-109.808092
11816,39.683698,-75.915209
11830,31.774749,-81.245608
11865,38.300343,-73.473414
11931,34.215078,-83.488124
12045,-18.731262,84.188841
12126,34.968205,132.432254
12237,37.949898,-117.053936
12312,32.543527,-109.047039
12413,39.053778,-73.422770
12467,39.931790,-99.995949
12492,45.130596,7.790052
12676,37.975343,-117.106224
12694,40.124470,-70.223939
12966,40.509766,-86.300431
12993,39.590930,-100.124941
13036,40.027862,-100.920017
13154,39.598393,-92.625586
13161,38.259338,-92.496260
13166,40.188646,-87.170008
13223,42.382605,-1.276838
13243,43.876520,-87.842987
13252,42.279241,-68.001590
13271,38.529909,-74.349418
13293,34.589447,-84.925973
13369,39.551766,-101.780590
13397,30.271382,-91.080755
13432,36.368947,5.768281
13469,31.587848,118.399113
13474,30.754813,-86.399122
13494,28.586402,43.880877
13556,59.368717,22.310872
13643,34.548013,-113.622233
13711,34.826071,129.169883
13805,36.676304,-101.024446
13853,45.081048,6.783217
13907,41.174627,-79.726155
13933,33.782719,-106.212068
13974,39.446122,-96.776828
13977,43.988385,-28.303195
13984,35.980582,-82.128428
14017,41.940617,-83.622124
14050,4.543831,36.952743
14097,3.083122,-4.559031
14099,29.813422,-81.395773
14174,55.195571,15.013939
14220,42.153162,9.669159
14266,30.604569,-91.874490
14278,27.086058,102.291186
14346,41.062106,-93.086751
14391,49.549262,6.484321
14394,35.496295,-82.213800
14421,17.588649,75.591529
14432,-24.103504,142.166850
14443,32.335238,-75.241654
14564,43.685113,-75.865910
14618,34.615203,-81.769865
14624,35.234600,-82.090682
14691,47.261695,7.174442
14703,36.490999,106.214084
14756,2.084262,-2.464034
14781,34.096033,-111.065041
14803,39.853492,-75.283209
14821,22.606641,43.146995
14840,42.249839,13.876496
14953,2.853458,-3.912371
15086,35.562276,-80.356167
15100,34.692788,131.883593
15109,45.423520,-44.528628
15193,38.664400,-59.674124
15340,31.864721,-5.386267
15476,37.279486,-82.066818
15649,29.993871,69.780090
15657,32.672700,120.756345
15824,41.669030,-67.721172
15880,37.676967,-95.413177
15892,54.830965,-6.735002
15921,41.537179,-7.054479
15930,21.499832,6.141838
15950,58.813045,14.155833
15967,51.950903,-11.887834
16016,41.243413,-65.061119
16030,43.781774,-116.579220
16065,43.701529,-115.471663
16204,41.676891,-73.059357
16324,44.853902,-101.344177
16340,40.481293,-34.960148
16368,30.107016,-78.728369
16391,57.500819,14.480898
16476,18.653083,65.412251
16568,33.612766,0.696647
16703,27.203903,-53.864759
16712,34.370395,132.822033
16734,33.364652,-104.668686
16886,40.089876,-76.418038
16939,52.296448,-1.861186
16942,18.325116,65.820706
16962,51.467595,3.474591
17053,27.816728,-77.958831
17062,41.868870,132.918785
17095,38.497108,-114.532532
17115,46.516562,-115.226436
17149,57.273742,15.707583
17248,-0.774341,-70.634600
17253,43.515818,-66.855034
17378,40.253092,-81.169598
17396,57.114341,16.293369
17445,43.403524,-84.915098
17591,34.557168,130.363380
17596,29.390495,-113.815821
17701,29.943337,-90.275229
17931,52.830689,7.667808
18007,50.383697,4.170400
18036,34.453118,-112.641291
18048,34.928701,-101.012884
18220,39.600073,-69.843761
18262,34.935397,129.875470
18312,32.468824,-83.214448
18454,30.038765,102.613198
18465,40.377143,-81.785067
18501,41.869361,1.742642
18666,41.014664,-9.093338
18777,14.839874,-7.841749
18780,38.466312,-94.973278
18794,40.347583,-102.079693
18812,39.708485,-81.596849
18868,13.357061,-53.994936
18925,34.311539,-81.469210
18948,37.914050,-116.413450
18956,39.116103,-87.538816
18959,34.908420,-81.426973
18960,38.249452,-97.580183
18973,38.389842,-13.181036
18995,34.919387,131.621316
19094,21.416725,-41.493813
19119,33.916519,-113.131934
19130,29.512712,-92.275964
19138,41.880984,-82.735669
19311,37.957281,-72.494383
19333,33.726152,-108.680038
19373,41.031518,-74.023773
19502,-21.123495,23.572030
19511,34.007282,-112.018353
19696,40.510043,-105.156948
19738,59.104911,24.360050
19740,3.333842,-4.977240
19802,39.306231,109.709270
19835,32.451143,9.123489
19915,49.532782,0.096107
19954,34.297602,127.360134
20039,39.359993,-74.927367
20056,35.508603,-74.351100
20139,59.474769,23.806404
20318,25.560081,113.474258
20385,44.782768,-89.841320
20410,2.987466,-1.136671
20448,50.537424,-1.896389
20494,45.631711,32.496440
20511,48.749389,8.310332
20599,44.512599,31.021438
20606,39.283835,-100.485965
20619,37.207612,-115.518292
20734,26.056481,110.633293
20765,50.180308,-2.122359
20949,50.149566,0.135690
20958,42.013608,-89.493738
20962,33.949902,-98.975519
21057,43.584921,-107.228048
21169,50.933989,4.112545
21267,39.535627,-78.689523
21339,39.781003,-85.754304
21388,47.114689,5.618286
21394,47.059107,3.426627
21445,44.781951,-63.442644
21582,-23.370609,121.095734
21608,35.312413,131.195386
21621,57.582983,16.110301
21766,42.403664,-75.802476
21872,35.699816,-57.530279
21911,34.664734,-91.905611
22071,35.398479,-89.923269
22093,47.636144,-37.820217
22101,34.695420,131.287696
22163,40.369721,-95.387753
22208,38.653408,-71.885744
22224,41.994874,-83.426654
22231,29.460266,-89.962697
22393,40.799648,-20.099301
22435,39.736746,-69.213211
22556,39.615282,-81.866099
22602,35.849430,-65.912720
22682,41.946997,-79.173712
22800,28.320187,104.106216
22960,3.466006,-4.632073
22963,35.861992,128.574821
23078,34.049481,-57.221781
23106,57.601801,16.286780
23321,-10.618175,30.015607
23368,45.770051,-39.185958
23435,32.192478,-90.536427
23638,43.106644,-115.640933
23639,50.725913,-2.018677
23683,46.827420,6.711871
23696,31.087906,109.565919
23748,35.018385,-100.132233
23822,34.982877,131.435918
23835,29.734799,-77.103310
23840,50.829567,10.056817
23857,22.784593,-150.785285
24033,37.028570,54.399703
24047,-21.117462,25.051762
24059,54.595952,9.660761
24175,40.073781,-73.393151
24178,56.409196,-5.241260
24226,-32.275685,134.596104
24345,37.666296,-95.752930
24452,34.925745,-82.006867
24487,2.970347,-4.195222
24519,15.203534,92.692535
24629,42.741996,-81.050997
24750,34.043396,128.215325
24781,57.750127,-0.593608
24837,32.582369,-13.424221
24897,39.985407,-85.233451
24931,32.996673,-103.222285
24939,42.610060,-68.506042
24965,-13.996319,89.872082
24981,38.768391,-92.375951
25005,35.244093,131.343199
25040,41.935327,4.966125
25136,31.842369,-60.362253
25160,36.012224,-96.478699
25194,49.677484,-43.787954
25231,39.145017,-92.517094
25262,40.775486,-65.585483
25356,42.186456,-94.221302
25358,33.574785,-112.306997
25529,34.576493,-73.424799
25573,47.297889,-23.387592
25663,39.944562,-101.302436
25748,-23.575308,142.084698
25814,42.514829,-73.768874
25859,38.152869,-97.113116
25926,39.329912,-84.546572
25948,4.340683,-5.446794
26017,42.218506,-81.506493
26152,40.970480,-80.742020
26161,32.559734,-105.704414
26184,50.480094,1.192530
26271,41.066192,-70.955303
26307,2.418833,-2.867023
26317,39.612877,-71.101717
26708,38.521271,-116.468951
26741,39.214851,-73.460704
26748,32.016092,-28.661413
26811,56.845367,-5.858664
26820,38.268468,-119.252135
26834,31.718630,-97.353152
26900,27.551581,-76.728889
26948,33.744125,-80.033293
26968,26.574488,-93.843264
27095,10.168882,-13.568308
27139,37.058182,-98.135531
27215,34.763015,-92.654184
27255,38.836390,23.536093
27274,35.800189,-75.288402
27283,40.360494,-69.906951
27359,50.502119,2.665251
27368,42.127017,-86.824643
27438,42.315333,-63.757230
27449,57.788706,14.590751
27460,42.415198,-69.984928
27580,57.281922,15.807197
27706,45.562259,-38.834533
27790,34.664719,128.753935
27938,39.047809,-74.771511
28079,38.023490,-79.293820
28110,39.040136,-72.713249
28121,41.480884,-87.191017
28124,32.842579,-105.055343
28287,45.048867,0.628545
28315,40.773559,-85.088714
28363,-27.333551,-70.800637
28405,38.819070,-72.437749
28500,38.926132,-86.354933
28615,43.267606,-99.574333
28672,39.133695,-98.959216
28685,27.149353,-129.896725
28705,38.550089,-80.925197
28885,33.052375,-89.172619
28887,39.924922,-99.592345
28902,-32.456278,133.570630
29141,40.202863,-102.997490
29219,43.620891,-88.029803
29261,30.293365,-94.877952
29278,37.228901,-81.061446
29364,33.244907,126.755887
29427,37.870057,-116.526891
29517,47.711808,7.735865
29525,35.442845,-85.213312
29542,41.465888,-70.788133
29623,50.589270,-2.190646
29659,39.372104,-100.308986
29692,42.143417,-70.418633
29745,40.150517,-70.357510
29779,38.993204,-73.531660
29862,38.971337,-92.967599
29870,45.888583,-42.709137
29993,49.978469,3.522568
30063,2.124306,-2.359538
30124,42.716901,-84.291851
30137,36.023398,-69.122885
30157,59.445533,-141.693232
30173,41.829341,-83.898505
30198,39.758039,26.307429
30264,33.295086,-111.757057
30268,33.832391,-81.142554
30336,33.486909,-39.314892
30368,35.030792,132.378465
30456,3.029024,-4.340634
30459,33.855116,-105.848387
30482,32.196470,-89.843568
30537,39.565545,-82.067361
30541,35.956519,128.611261
30552,37.448492,-76.632645
30618,34.932289,-80.224127
30853,41.311485,134.247969
30878,26.400940,-74.812377
30947,34.763863,131.180244
30977,38.787616,-101.391175
31023,57.419551,11.097765
31071,37.106364,-73.568899
31079,12.308151,-54.481375
31110,35.002379,130.437056
31146,30.806097,55.552291
31150,33.483205,-110.634121
31283,-22.933414,142.710770
31291,32.772499,-102.158145
31399,37.064680,118.160464
31497,-28.643647,24.693423
31582,38.048844,-58.520100
31653,50.291326,-0.563572
31677,2.330262,-2.313417
31692,35.673178,-94.148057
31739,39.103337,-79.963365
31823,30.643772,-76.644600
31957,40.464935,-76.976222
31989,38.620575,-79.644435
32064,39.197917,-88.862762
32090,49.229867,-119.747744
32102,51.071508,11.407120
32217,43.461096,-58.624428
32241,1.637837,1.533906
32326,34.860723,-90.363074
32599,58.289984,16.142150
32609,43.011659,-48.220309
32646,38.166676,-85.495335
32711,37.360304,-95.549304
32714,36.680925,-85.993423
32806,33.148402,-92.087538
32825,25.422285,-69.919775
32892,50.365886,14.946260
32923,32.929462,-79.386479
32930,35.248034,-113.220112
33056,36.996587,-114.070258
33065,53.682630,-2.913794
33119,36.669962,-93.691869
33294,28.748730,-78.749591
33312,51.240786,3.835790
33383,41.047593,-71.271151
33471,44.715693,-114.636040
33481,39.939652,-69.103564
33574,34.571055,-78.715420
33597,30.338027,-86.616115
33635,37.526891,-85.264824
33679,58.455683,24.261061
33693,35.161803,130.624695
33708,48.121781,-17.726807
33832,33.083571,-84.303236
33890,23.268015,53.684895
33968,43.593353,-78.354463
33980,34.617412,128.067754
34058,26.331006,-62.408792
34090,37.591095,-69.874232
34163,3.851632,-2.431471
34186,38.947517,-70.923444
34206,54.064381,34.475245
34216,-2.374956,54.870627
34335,38.776361,-1.201513
34470,36.327064,-78.122899
34620,37.044665,109.823512
34625,43.064909,-77.142455
34661,57.494302,16.575302
34795,38.657244,-115.980494
35049,41.570729,-77.803577
35130,34.842025,-112.298125
35170,50.705686,3.793459
35230,38.756907,-72.002956
35308,35.063712,-112.608792
35319,38.006508,-94.189507
35374,40.474919,-100.367479
35384,58.992468,21.904561
35397,38.746794,-100.255201
35416,45.674085,-91.226965
35423,36.960167,-55.424599
35533,38.922212,109.143507
35556,39.527588,-103.589152
35585,35.891323,-110.094516
35651,46.322679,-115.898087
35694,31.190469,113.105328
35959,36.167698,-89.727688
35987,38.167750,-80.281522
35991,44.690615,-93.787018
35998,38.437002,-88.435401
36160,30.229639,-90.906674
36197,35.826326,-91.679041
36276,38.479795,-76.256425
36331,38.427664,-77.896692
36351,31.449015,-86.104787
36355,34.162560,-110.754785
36359,32.083356,101.042245
36390,34.359762,125.612194
36448,32.662096,7.204003
36468,37.271151,-102.959211
36470,50.712799,3.531089
36510,40.129176,-1.498148
36517,33.729182,-65.660965
36525,29.428269,-91.568343
36551,41.893573,-85.056847
36707,52.814313,9.286070
36722,34.407522,-112.088976
36757,31.795986,-104.301454
36830,41.584326,-72.628506
36859,33.528270,-111.037868
36868,58.571805,7.962715
36893,40.127714,28.575635
36917,39.581584,-10.154976
36956,41.409628,-91.315261
36990,34.168073,-110.921603
37001,49.221795,4.914294
37052,49.225825,10.135334
37087,35.237192,130.755900
37108,40.992649,-66.604356
37116,45.947156,8.270060
37141,45.451019,-118.463655
37175,39.708066,-75.528149
37247,-35.602372,161.539469
37269,41.666822,-80.897315
37305,-28.486839,139.701455
37312,44.971734,-50.758009
37401,-25.905686,121.446656
37495,50.257963,-1.051832
37511,49.907135,5.252835
37641,28.283186,105.318787
37645,48.542165,0.696142
37663,33.772051,-95.631843
37698,42.489256,-76.421794
37878,36.982563,-114.577452
37991,21.201120,-63.837609
38017,37.471810,-99.033753
38070,47.701483,0.590356
38163,38.271504,-80.653394
38168,28.699888,-1.932371
38425,48.999839,4.877564
38578,39.332033,26.442763
38586,44.673419,5.834894
38721,37.572502,-87.590843
38771,47.965099,-116.444668
38779,33.368497,119.006252
38806,36.130565,-103.008872
38818,33.941138,-109.887072
38828,33.759232,125.977307
38967,26.935044,103.225061
38987,34.191925,18.196188
39009,50.197917,4.628845
39121,58.420035,8.725480
39160,40.196527,-70.146613
39214,7.092140,105.550456
39234,35.733025,-41.678757
39324,-33.601083,163.116730
39363,31.652929,-94.612861
39649,37.684884,118.012920
39690,50.000553,-20.659714
39694,22.356133,-2.325171
39766,38.581309,-72.211717
39879,43.074655,-83.727631
39935,34.744959,-74.427181
39936,37.372819,-68.704674
40007,35.579536,-98.366372
40012,40.618379,-86.537783
40059,33.478237,-111.457199
40155,22.253348,-65.267875
40310,34.372242,-113.064022
40327,35.522070,-80.657153
40348,46.589998,-115.591566
40353,-31.857909,131.881786
40417,29.026929,70.941224
40527,44.633697,-62.982384
40534,41.614411,-73.296742
40621,39.628060,-71.334113
40636,43.173448,-69.170090
40679,35.947993,-107.931611
40685,19.468743,-61.883668
40711,58.406028,8.697646
40799,35.036319,-93.394080
40807,38.545457,-98.562873
40868,38.079240,-81.806793
40885,32.317520,-39.629195
40889,36.228710,-92.632683
40994,40.169235,-59.837048
41002,44.787966,-65.309894
41084,51.317007,-32.549971
41191,52.244325,-2.988897
41418,44.589157,-58.222654
41484,30.024712,-78.119726
41516,32.979132,-69.829158
41681,36.007166,-98.777474
41705,41.950526,-67.319898
41880,33.872855,-26.885645
41990,47.528005,1.910707
41994,36.994639,-85.739639
42128,3.451472,33.361116
42165,41.092989,-19.376349
42174,35.358741,129.369670
42203,42.685485,-74.784221
42281,39.929838,-85.572734
42288,38.850413,-63.538915
42303,48.073830,-21.552136
42389,40.030293,-90.922793
42521,39.254422,-81.495379
42617,33.483041,-94.266083
42730,35.394900,130.647189
42805,23.894193,84.934716
42858,54.799844,34.100100
42904,57.463899,16.548319
42941,57.705309,21.525962
42962,2.119345,-2.385272
42977,-27.814689,110.371882
43055,36.613743,-94.399589
43059,38.745097,-94.193991
43066,41.112240,-115.411110
43108,34.531796,-105.503140
43419,41.813792,-61.986567
43492,-33.794722,132.200403
43493,36.539511,-103.493233
43544,39.594673,-104.487546
43576,40.250584,-69.972809
43677,37.414971,118.507886
44011,38.428953,-100.296110
44067,36.192590,-53.700316
44171,39.146305,-80.125555
44222,41.625071,-82.226640
44419,39.249072,-99.689957
44508,2.267657,0.107613
44512,39.477626,-105.896890
44526,37.616551,-91.174334
44603,38.024836,-90.737080
44630,34.578999,-77.482882
44643,49.884362,-0.027879
44689,42.649072,-74.321487
44706,38.277413,-77.119632
44833,45.122512,-69.615706
44838,58.930243,22.016747
44881,10.516173,87.555619
44889,34.557336,125.916972
44894,-28.106983,-68.995732
44976,38.779448,-59.817407
44992,27.599627,-78.101234
45026,49.942057,7.330224
45046,50.618777,-2.425324
45054,27.918609,-78.113540
45073,40.939256,-107.870774
45094,5.334652,92.992286
45103,50.056472,-15.222716
45113,41.047925,-72.295043
45135,29.731786,-78.701320
45181,21.561579,-18.174000
45278,41.471509,-107.374712
45341,46.717625,-117.054270
45348,50.593033,8.554006
45380,28.193962,-57.851298
45451,31.563225,115.901337
45552,34.683895,127.510275
45619,38.262453,-76.087473
45634,49.893809,3.686183
45639,39.311432,-72.133959
45651,41.018517,-78.100933
45719,38.089482,-115.587135
45779,51.279539,-1.945018
45843,39.854800,-90.998164
45848,30.580343,41.975470
45881,38.598161,-117.369643
45911,39.583485,-54.809931
45924,42.187853,-75.164052
46030,35.145313,129.762406
46113,3.773571,94.892709
46115,33.987502,-83.614456
46352,39.678652,-71.479236
46528,34.377385,-113.043630
46598,41.409969,-99.156855
46607,34.760846,-81.635035
46674,32.905376,-88.447349
46715,33.660813,-79.484645
46789,33.648875,-112.661363
46850,47.720448,-32.015540
46871,35.831660,-75.059624
46880,36.606621,-114.707389
47060,58.075111,9.615973
47097,41.890370,-80.667814
47135,40.651305,-75.941792
47184,12.573629,66.049472
47247,34.194057,-89.783540
47258,45.845714,-71.208194
47272,31.363553,-93.368479
47358,34.976112,-84.807795
47412,34.927316,-113.788066
47592,37.801855,-116.095063
47609,40.602260,-70.937744
47681,35.442373,-56.961719
47726,41.612042,-83.081045
47960,36.200033,-98.468134
48034,50.560700,-1.430610
48146,39.411257,-73.348895
48150,38.013659,-115.240710
48223,43.923196,-51.967039
48254,33.297016,47.420671
48260,36.336548,-89.009534
48295,50.311332,5.319468
48321,45.602575,-114.921179
48355,15.680668,14.982770
48457,43.017107,-68.167323
48833,-3.001664,67.533405
48877,45.097543,7.496621
48911,36.548660,87.108816
48914,43.970365,9.176194
48923,47.995340,1.374175
48941,26.289287,102.030540
48958,48.143743,-38.433130
48962,35.239454,-92.062378
49070,37.134284,-80.872820
49088,26.864206,-75.910321
49168,27.680143,-77.742524
49171,40.328250,-70.508904
49331,51.400729,3.123753
49346,-17.559987,82.006591
49362,39.382198,-81.122033
49377,32.579638,-93.437839
49385,20.314276,-92.754055
49447,45.957879,-117.511234
49499,37.515025,-98.765894
49590,44.264330,9.504310
49675,35.143422,-114.488111
49797,35.535723,-88.125265
49834,45.900853,-19.944244
49851,32.352501,-0.184042
49869,49.250689,-24.703761
49925,33.461045,109.897766
49941,-35.683980,161.125728
49944,36.151627,-4.413071
50056,44.102889,-13.952488
50072,39.501644,-82.579139
50137,36.383937,-114.905962
50157,41.958157,-83.206602
50188,-22.563549,141.154450
50200,41.399018,-91.147296
50329,45.999254,5.855126
50349,60.379181,8.006931
50389,37.670056,-76.465324
50429,41.376545,-76.928033
50441,39.728163,-100.462668
50496,34.592061,-112.673473
50532,23.559790,-58.593810
50635,30.394985,-60.438604
50785,39.062811,-97.670486
50817,58.896446,21.126218
50841,30.411998,-79.221340
50874,-32.107900,135.006076
50920,41.047220,-81.828553
50947,2.538221,-3.324606
50983,43.423188,-75.561836
51096,41.691547,-106.531711
51101,40.681744,-72.737036
51149,34.447441,127.225891
51152,41.589380,-91.533140
51184,39.261893,-32.893988
51322,48.313435,1.433012
51475,-4.523313,97.340530
51520,33.390737,-78.154248
51780,-27.895765,141.397921
51803,27.192123,-77.510460
51807,34.198715,-81.805961
51819,33.587791,-94.581904
51843,49.422507,-2.562390
51862,42.694191,-80.900883
51970,35.406142,-75.365249
52080,44.856596,-73.608037
52204,45.504675,-115.781552
52215,43.122753,-109.192742
52237,30.864276,-73.468846
52257,41.170385,25.954961
52260,39.455727,-84.094005
52273,26.976232,-86.155381
52277,32.790069,-93.454142
52338,-18.943736,-56.618385
52551,30.679747,-79.550381
52564,40.250444,-69.547712
52568,34.339636,-69.757347
52657,43.152969,-94.553351
52796,39.564680,-79.748931
52797,33.662270,-91.938434
52809,38.351719,-91.147323
52893,34.628056,127.532019
52966,46.498323,-12.265801
53081,39.160972,-90.813420
53167,51.210111,-2.899066
53172,38.367637,-70.113996
53177,39.288008,-84.793508
53193,38.378245,-96.927437
53385,34.041050,-65.311651
53423,57.738724,15.638916
53437,34.320999,-10.773422
53474,33.798349,-110.947103
53595,47.867245,1.679616
53635,37.233518,-53.326153
53716,39.225609,94.070679
53739,39.896627,-61.664684
53810,35.859450,-70.652082
53832,51.807948,-4.069708
53834,38.533678,-97.783650
53881,-27.899272,107.797417
53921,52.183054,7.591161
53928,40.538807,-86.371009
54060,34.307797,-93.481306
54084,36.107867,130.883749
54085,39.990850,-72.210955
54126,29.797137,-78.755532
54136,-0.891124,-37.091897
54233,34.645997,-86.416623
54256,37.847136,-90.784180
54338,39.304297,-91.915783
54342,48.044712,1.222788
54438,38.582449,-83.301711
54483,40.309861,-56.743324
54508,2.973418,-0.440122
54514,39.480432,9.938862
54547,44.361692,44.379522
54575,41.849806,-91.761429
54664,50.548611,-0.895756
54719,29.851124,-91.651585
54787,50.781697,-1.732172
54826,2.306211,-0.895712
54835,41.308492,-70.964574
54928,45.272325,6.369638
54984,35.302664,130.072807
55004,38.780650,-91.116912
55039,47.616034,7.537685
55256,34.407498,-77.319882
55423,34.857104,131.839543
55493,38.168388,-111.116208
55822,38.873325,-85.268147
56023,32.910282,-101.217330
56109,27.154966,-80.449497
56187,33.726707,-111.157917
56195,47.077370,-117.499120
56199,45.595276,-119.616978
56340,37.455802,-100.998518
56474,46.192262,-88.452838
56520,30.979146,-92.478723
56644,49.917122,-0.120438
56662,40.005302,-79.474527
56695,37.400490,-89.341543
56701,41.200396,-90.032579
56717,42.730920,-110.200512
56754,39.434455,-73.729313
56760,30.820997,39.138769
56764,52.511877,13.738865
56778,36.295788,-113.240759
56780,3.078482,-4.523477
56907,37.951534,-98.986183
56913,31.818854,93.619838
56933,50.931395,-4.015801
56997,2.055398,31.999372
57025,37.173419,-81.919400
57034,45.097993,7.708728
57035,40.860687,-103.936420
57079,37.589334,-84.880619
57082,51.797345,-2.070310
57154,37.832223,-75.677037
57163,36.350962,-72.183965
57184,45.309664,6.314162
57191,10.270441,-3.405964
57258,31.131574,-94.695462
57425,39.614327,-79.748180
57433,34.708168,131.864319
57479,40.462760,-82.970460
